00100111 11011111 00000000 00000001

00100111 11000001 00000000 00001000
10101111 11000001 00000000 00000001
00100111 11000001 00000000 00000111
10101111 11000001 00000000 00000010
00100111 11000001 00000000 00000110
10101111 11000001 00000000 00000011
00100111 11000001 00000000 00000101
10101111 11000001 00000000 00000100
00100111 11000001 00000000 00000100
10101111 11000001 00000000 00000101
00100111 11000001 00000000 00000011
10101111 11000001 00000000 00000110
00100111 11000001 00000000 00000010
10101111 11000001 00000000 00000111
00100111 11000001 00000000 00000001
10101111 11000001 00000000 00001000

00100111 11000011 00000000 00001000
00000000 01111110 00001000 00100001
00100111 11000101 00000000 00000001
10001100 10100010 00000000 00000000
10001100 10100100 00000000 00000001
00000000 01000100 00110000 00101010
00010000 11011111 00000000 00000010
10101100 10100100 00000000 00000000
10101100 10100010 00000000 00000001
00100100 10100101 00000000 00000001
00010100 00100101 11111111 11111000
00000000 00111111 00001000 00100011
00010100 00111111 11111111 11110101
11111111 11111111 11111111 11111111











